[app/ui]
version = 9.2.0.1
modtime = 1708993941.424822300

[app/launcher]
version = 9.2.0.1
modtime = 1708993941.454497800

[views/search_progress]
owner = admin
version = 9.2.0.1
modtime = 1708994151.861733700
